[ 0.0004223   0.0004223   0.0004223   0.0004223   0.00084459  0.0004223
  0.00168919  0.0004223   0.00084459  0.0004223   0.0004223   0.0004223
  0.00084459  0.0004223   0.00084459  0.00084459  0.0004223   0.0004223
  0.02322635  0.00084459  0.0004223   0.00084459  0.00126689  0.0004223
  0.00126689  0.00084459  0.0004223   0.00168919  0.0004223   0.0004223
  0.00084459  0.0004223   0.00168919  0.0004223   0.00126689  0.00084459
  0.00084459  0.00084459  0.0004223   0.0004223   0.00211149  0.0004223
  0.00084459  0.00084459  0.00211149  0.0004223   0.0004223   0.0004223
  0.00168919  0.00295608  0.0004223   0.00084459  0.0004223   0.00084459
  0.0004223   0.0004223   0.0004223   0.0004223   0.0004223   0.0004223
  0.0004223   0.00084459  0.0004223   0.0004223   0.0004223   0.0004223
  0.0004223   0.0004223   0.0004223   0.0004223   0.0004223   0.0004223
  0.00253378  0.0004223   0.0004223   0.00084459  0.00084459  0.0004223
  0.0004223   0.00211149  0.00760135  0.0004223   0.0004223   0.00084459
  0.0004223   0.0004223   0.0004223   0.0004223   0.00084459  0.0004223
  0.0004223   0.0004223   0.0004223   0.0004223   0.0004223   0.0004223
  0.0004223   0.00084459  0.00084459  0.00084459  0.00084459  0.0004223
  0.00084459  0.00084459  0.00126689  0.0004223   0.0004223   0.00211149
  0.0004223   0.0004223   0.0004223   0.0004223   0.00633446  0.0004223
  0.0004223   0.0004223   0.0004223   0.0004223   0.0004223   0.00168919
  0.0004223   0.00380068  0.          0.0004223   0.0004223   0.0004223
  0.00126689  0.0004223   0.0004223   0.0004223   0.0004223   0.0004223
  0.00126689  0.01478041  0.0004223   0.0004223   0.00126689  0.0004223
  0.0004223   0.0004223   0.0004223   0.00084459  0.0004223   0.0004223
  0.00126689  0.0004223   0.0004223   0.00380068  0.00211149  0.0004223
  0.0004223   0.0004223   0.0004223   0.0004223   0.00591216  0.0004223
  0.0004223   0.0004223   0.0004223   0.00084459  0.0004223   0.00506757
  0.0004223   0.0004223   0.0004223   0.0004223   0.0004223   0.0004223
  0.0004223   0.00084459  0.0004223   0.00168919  0.00084459  0.0004223
  0.0004223   0.0004223   0.0004223   0.0004223   0.0004223   0.00168919
  0.0004223   0.0004223   0.0004223   0.0004223   0.00168919  0.00126689
  0.0004223   0.02280405  0.0004223   0.0004223   0.00126689  0.0004223
  0.00084459  0.0004223   0.00126689  0.0004223   0.00126689  0.00084459
  0.0004223   0.0004223   0.0004223   0.0004223   0.0004223   0.00084459
  0.00084459  0.00168919  0.0004223   0.0004223   0.00168919  0.0004223
  0.00084459  0.0004223   0.0004223   0.03716216  0.0004223   0.0004223
  0.0004223   0.0004223   0.0004223   0.00168919  0.00084459  0.00084459
  0.0004223   0.0004223   0.0004223   0.0004223   0.00126689  0.0004223
  0.00126689  0.00253378  0.0004223   0.0004223   0.0004223   0.0004223
  0.00126689  0.0004223   0.0004223   0.0004223   0.0004223   0.00084459
  0.0004223   0.00211149  0.0004223   0.0004223   0.0004223   0.0004223
  0.0004223   0.0004223   0.00126689  0.0004223   0.0004223   0.00211149
  0.0004223   0.0004223   0.0004223   0.0004223   0.0004223   0.0004223
  0.00084459  0.00084459  0.0004223   0.0004223   0.0004223   0.00084459
  0.00126689  0.0004223   0.0004223   0.0004223   0.0004223   0.0004223
  0.0004223   0.00126689  0.0004223   0.0004223   0.00084459  0.0004223
  0.0004223   0.0004223   0.0004223   0.0004223   0.0004223   0.00168919
  0.0004223   0.00084459  0.0004223   0.0004223   0.0004223   0.00084459
  0.0004223   0.0004223   0.0004223   0.00168919  0.0004223   0.0004223
  0.00126689  0.0004223   0.0004223   0.0004223   0.00168919  0.0004223
  0.0004223   0.00168919  0.0004223   0.00168919  0.0004223   0.0004223
  0.0004223   0.0004223   0.0004223   0.00168919  0.00084459  0.0004223
  0.0004223   0.0004223   0.00380068  0.0004223   0.0004223   0.0004223
  0.0004223   0.0004223   0.0004223   0.00084459  0.0004223   0.0004223
  0.00084459  0.00126689  0.00126689  0.0004223   0.0004223   0.0004223
  0.00211149  0.0004223   0.0004223   0.00084459  0.01182432  0.0004223
  0.00084459  0.0004223   0.0004223   0.0004223   0.00084459  0.0004223
  0.0004223   0.00084459  0.0004223   0.0004223   0.00126689  0.0004223
  0.0004223   0.0004223   0.00084459  0.0004223   0.0004223   0.01689189
  0.0004223   0.0004223   0.0004223   0.0004223   0.0004223   0.00084459
  0.00211149  0.0004223   0.00168919  0.00084459  0.0004223   0.00084459
  0.0004223   0.0004223   0.00084459  0.00126689  0.00168919  0.00126689
  0.00084459  0.00548986  0.0004223   0.0004223   0.00084459  0.00126689
  0.0004223   0.0004223   0.0004223   0.0004223   0.0004223   0.00084459
  0.0004223   0.0004223   0.0004223   0.00084459  0.0004223   0.0004223
  0.0004223   0.0004223   0.0004223   0.0004223   0.00084459  0.00084459
  0.00084459  0.0004223   0.00084459  0.0004223   0.0004223   0.0004223
  0.0004223   0.0004223   0.0004223   0.0004223   0.00084459  0.0004223
  0.00084459  0.0004223   0.0004223   0.0004223   0.00084459  0.0004223
  0.0004223   0.00126689  0.0004223   0.0004223   0.0004223   0.00253378
  0.00211149  0.0004223   0.00084459  0.0004223   0.0004223   0.0004223
  0.0004223   0.0004223   0.0004223   0.0004223   0.00253378  0.0004223
  0.0004223   0.00084459  0.0004223   0.0004223   0.0004223   0.00084459
  0.0004223   0.0004223   0.0004223   0.0004223   0.0004223   0.0004223
  0.0004223   0.0004223   0.0004223   0.00126689  0.0004223   0.0004223
  0.0004223   0.0004223   0.0004223   0.0004223   0.0004223   0.0004223
  0.0004223   0.0004223   0.0004223   0.0004223   0.0004223   0.00126689
  0.0004223   0.0004223   0.00211149  0.00084459  0.0004223   0.00084459
  0.0004223   0.0004223   0.0004223   0.01013514  0.0004223   0.0004223
  0.00168919  0.00211149  0.00506757  0.0004223   0.00084459  0.0004223
  0.00084459  0.00084459  0.00084459  0.0004223   0.00084459  0.0004223
  0.0004223   0.0004223   0.00126689  0.0004223   0.0004223   0.0004223
  0.0004223   0.0004223   0.00168919  0.00126689  0.0004223   0.0004223
  0.0004223   0.00084459  0.0004223   0.0004223   0.0004223   0.00084459
  0.0004223   0.0004223   0.0004223   0.0004223   0.0004223   0.0004223
  0.0004223   0.00084459  0.0004223   0.0004223   0.00084459  0.0004223
  0.0004223   0.0004223   0.0004223   0.0004223   0.00084459  0.0004223
  0.00295608  0.03758446  0.0004223   0.00084459  0.0004223   0.00168919
  0.00084459  0.0004223   0.00168919  0.0004223   0.0004223   0.00211149
  0.0004223   0.0004223   0.00084459  0.0004223   0.0004223   0.00211149
  0.0004223   0.0004223   0.0004223   0.0004223   0.00084459  0.0004223
  0.0004223   0.00253378  0.00126689  0.0004223   0.00084459  0.00591216
  0.0004223   0.0004223   0.00126689  0.0004223   0.0004223   0.00084459
  0.0004223   0.0004223   0.0004223   0.0004223   0.00084459  0.0004223
  0.00168919  0.0004223   0.00506757  0.00802365  0.0004223   0.0004223
  0.0004223   0.01689189  0.0004223   0.0004223   0.0004223   0.0004223
  0.00126689  0.0004223   0.0004223   0.00084459  0.0004223   0.0004223
  0.00168919  0.0004223   0.00084459  0.0004223   0.0004223   0.0004223
  0.0004223   0.0004223   0.00126689  0.0004223   0.0004223   0.0004223
  0.0004223   0.0004223   0.0004223   0.0004223   0.00211149  0.0004223
  0.0004223   0.0004223   0.00084459  0.06587838  0.00084459  0.00168919
  0.0004223   0.00084459  0.0004223   0.0004223   0.00084459  0.00084459
  0.0004223   0.0004223   0.0004223   0.0004223   0.0004223   0.00084459
  0.0004223   0.04222973  0.0004223   0.0004223   0.0004223   0.0004223
  0.00168919  0.00126689  0.0004223   0.0004223   0.00084459  0.00084459
  0.0004223   0.00422297  0.0004223   0.00126689  0.0004223   0.0004223
  0.0004223   0.0004223   0.0004223   0.00084459  0.0004223   0.0004223
  0.0004223   0.0004223   0.0004223   0.0004223   0.00084459  0.0004223
  0.00084459  0.0004223   0.0004223   0.0004223   0.00084459  0.0004223
  0.00084459  0.0004223   0.0004223   0.00168919  0.0004223   0.0004223
  0.0004223   0.0004223   0.0004223   0.0004223   0.00084459  0.0004223
  0.0004223   0.0004223   0.00084459  0.00084459  0.00253378  0.00084459
  0.00084459  0.0004223   0.0004223   0.0004223   0.0004223   0.00084459
  0.0004223   0.0004223   0.0004223   0.00211149  0.00929054  0.0004223
  0.00084459  0.0004223   0.0004223   0.0004223   0.0004223   0.00886824
  0.00253378  0.0004223   0.00084459  0.0004223   0.0004223   0.00422297
  0.00084459  0.00084459  0.00422297  0.0004223   0.0004223   0.02829392
  0.0004223   0.00084459  0.00084459  0.0004223   0.0004223   0.0004223
  0.0004223   0.00126689  0.0004223   0.0004223   0.00168919  0.0004223
  0.0004223   0.0004223   0.00126689  0.0004223   0.00126689  0.0004223
  0.0004223   0.0004223   0.0004223   0.0004223   0.0004223   0.00168919
  0.00126689  0.0004223   0.00084459  0.00084459  0.0004223   0.0004223
  0.0004223   0.00464527  0.0004223   0.0004223   0.00084459  0.0004223
  0.00084459  0.00084459  0.00760135  0.0004223   0.00084459  0.00253378
  0.00084459  0.00337838  0.0004223   0.00126689  0.0004223   0.0004223
  0.00084459  0.0004223   0.0004223   0.0004223   0.00253378  0.00295608
  0.0004223   0.00084459  0.0004223   0.0004223   0.00126689  0.0004223
  0.0004223   0.0004223   0.00084459  0.00084459  0.0004223   0.00126689
  0.0004223   0.0004223   0.00211149  0.00591216  0.0004223   0.00168919
  0.0004223   0.0004223   0.0004223   0.00084459  0.01435811  0.0004223
  0.00548986  0.0004223   0.00380068  0.0004223   0.00126689  0.0004223
  0.00168919  0.00084459  0.0004223   0.00126689  0.00084459  0.00084459
  0.0004223   0.00380068  0.00084459  0.0004223   0.0004223   0.0004223
  0.00084459  0.0004223   0.0004223   0.0004223   0.00126689  0.00084459
  0.00084459  0.00084459  0.0004223   0.00084459  0.00084459  0.0004223
  0.00084459  0.00253378  0.00380068]